1610500
1071700
1044000
949400
614600

























































































































































































































































